RESULTADOS - CASE INFOMAZ
==================================================

1) Valor total de venda por categoria:
  CATEGORIA  Total Venda
Eletrônicos      96403.1
Ferramentas      14717.7
     Livros      12998.7
     Móveis     127610.0
  Papelaria        477.6

2) Margem por produto:
ID PRODUTO   Margem
      1001  1719.96
      1002  2339.40
      1003 10434.20
      1004 12730.20
      1005  4249.50
      1006   363.72
      1009  5248.50
      1011    79.98
      1012  4617.80
      1013   379.80
      1023  6807.54
      1033 11959.74
      1036    95.52
      1039  5279.56

3) Ranking de clientes por quantidade/mês:
 ID CLIENTE     Mês  QTD ITEM  Ranking
       1023 2023-12         1      8.5
       2001 2023-05         3      1.5
       2001 2023-11         3      2.5
       2001 2024-04         2      5.5
       2002 2023-07         2      6.0
       2002 2024-01         2      6.0
       2002 2024-04         3      2.0
       2003 2023-03         2      3.0
       2003 2023-09         2      6.5
       2003 2024-02         1      7.0
       2003 2024-06         1      7.0
       2004 2023-06         3      2.5
       2004 2023-12         2      5.0
       2004 2024-05         3      3.0
       2005 2023-04         3      1.5
       2005 2023-08         2      5.0
       2005 2023-11         2      6.0
       2005 2024-04         3      2.0
       2006 2023-06         2      6.0
       2006 2023-10         1      7.5
       2006 2024-03         3      2.5
       2006 2024-07         3      2.5
       2007 2023-03         3      1.0
       2007 2023-08         3      2.0
       2007 2023-12         3      2.0
       2007 2024-05         1      8.5
       2007 2024-08         2      4.5
       2008 2023-06         2      6.0
       2008 2023-10         3      2.5
       2008 2024-03         2      6.0
       2008 2024-07         3      2.5
       2009 2023-05         1      6.0
       2009 2023-09         3      2.5
       2009 2024-01         2      6.0
       2009 2024-06         2      4.5
       2010 2023-05         1      6.0
       2010 2024-01         3      2.5
       2010 2024-06         3      2.0
       2011 2023-03         2      3.0
       2011 2023-10         3      2.5
       2011 2024-03         3      2.5
       2011 2024-08         3      2.0
       2012 2023-07         2      6.0
       2012 2023-11         2      6.0
       2012 2024-07         2      6.5
       2013 2023-06         3      2.5
       2013 2024-01         3      2.5
       2013 2024-07         2      6.5
       2014 2023-05         3      1.5
       2014 2023-09         3      2.5
       2014 2024-04         1      8.5
       2015 2023-03         1      5.5
       2015 2023-12         3      2.0
       2015 2024-03         2      6.0
       2015 2024-07         3      2.5
       2016 2023-07         3      2.5
       2016 2024-01         3      2.5
       2016 2024-05         3      3.0
       2017 2023-04         3      1.5
       2017 2023-08         1      8.0
       2017 2023-11         3      2.5
       2017 2024-02         3      2.0
       2017 2024-06         3      2.0
       2018 2023-06         3      2.5
       2018 2023-10         2      5.5
       2018 2024-02         1      7.0
       2018 2024-04         2      5.5
       2018 2024-08         3      2.0
       2019 2023-04         2      3.5
       2019 2023-08         1      8.0
       2019 2023-12         1      8.5
       2019 2024-05         3      3.0
       2020 2023-04         1      6.5
       2020 2023-08         2      5.0
       2020 2023-11         3      2.5
       2020 2024-02         3      2.0
       2020 2024-05         3      3.0
       2021 2023-07         3      2.5
       2021 2023-09         2      6.5
       2021 2024-02         1      7.0
       2021 2024-05         2      6.5
       2022 2023-04         1      6.5
       2022 2023-09         2      6.5
       2022 2023-12         1      8.5
       2022 2024-07         2      6.5
       2023 2023-07         3      2.5
       2023 2023-11         3      2.5
       2023 2024-03         3      2.5
       2024 2023-06         2      6.0
       2024 2023-08         3      2.0
       2024 2023-10         1      7.5
       2024 2024-03         2      6.0
       2024 2024-08         1      6.5
       2025 2023-04         1      6.5
       2025 2023-09         3      2.5
       2025 2024-01         3      2.5
       2025 2024-06         1      7.0
       2026 2023-07         3      2.5
       2026 2023-12         1      8.5
       2026 2024-03         3      2.5
       2027 2023-05         1      6.0
       2027 2023-08         3      2.0
       2027 2023-10         3      2.5
       2027 2024-04         2      5.5
       2027 2024-07         1      9.0
       2028 2023-03         2      3.0
       2028 2023-09         3      2.5
       2028 2023-12         2      5.0
       2028 2024-06         3      2.0
       2029 2023-06         1      8.5
       2029 2023-11         2      6.0
       2029 2024-02         3      2.0
       2029 2024-04         1      8.5
       2029 2024-08         3      2.0
       2030 2023-03         1      5.5
       2030 2023-08         2      5.0
       2030 2023-10         3      2.5
       2030 2024-02         2      4.5
       2030 2024-04         3      2.0
       2030 2024-07         2      6.5
       2031 2023-05         2      3.5
       2031 2023-12         3      2.0
       2031 2024-02         2      4.5
       2031 2024-07         3      2.5
       2032 2023-08         1      8.0
       2032 2024-01         2      6.0
       2032 2024-05         2      6.5
       2033 2023-04         1      6.5
       2033 2023-10         2      5.5
       2033 2024-05         3      3.0
       2033 2024-08         2      4.5
       2034 2023-07         2      6.0
       2034 2024-01         1      8.5
       2034 2024-06         1      7.0
       2035 2023-05         2      3.5
       2035 2023-09         1      9.0
       2035 2024-04         2      5.5
       2036 2023-04         2      3.5
       2036 2023-09         2      6.5
       2036 2023-11         1      8.5
       2036 2024-03         1      8.5
       2036 2024-08         1      6.5
       2037 2023-06         3      2.5
       2037 2023-12         2      5.0
       2037 2024-06         2      4.5
       2038 2023-07         1      8.0
       2038 2023-11         1      8.5
       2038 2024-05         1      8.5
       2039 2023-06         1      8.5
       2039 2024-01         1      8.5
       2039 2024-03         1      8.5

4) Ranking de fornecedores por estoque/mês:
ID FORNECEDOR     Mês  QTD ESTOQUE  Ranking
         F100 2022-12           50      1.5
         F100 2023-03           50      3.0
         F100 2023-04           50      2.5
         F105 2023-02           40      4.0
         F105 2023-03           50      3.0
         F105 2023-09           50      1.5
         F110 2023-01           50      2.0
         F110 2023-02           50      2.0
         F110 2023-06           50      3.5
         F110 2023-08           50      2.0
         F115 2023-01           50      2.0
         F115 2023-02           50      2.0
         F115 2023-04           50      2.5
         F115 2023-10           50      1.5
         F120 2023-01           50      2.0
         F120 2023-03           50      3.0
         F120 2023-05           50      3.0
         F120 2023-06          100      1.5
         F125 2022-11           50      1.0
         F125 2023-05          150      1.0
         F125 2023-07           50      2.5
         F130 2022-12           50      1.5
         F130 2023-04           50      2.5
         F130 2023-06          100      1.5
         F130 2023-09           50      1.5
         F135 2023-02           50      2.0
         F135 2023-03           50      3.0
         F135 2023-04           50      2.5
         F135 2023-08           50      2.0
         F140 2023-05           50      3.0
         F140 2023-07          100      1.0
         F140 2023-10           50      1.5
         F145 2023-03           50      3.0
         F145 2023-06           50      3.5
         F145 2023-08           50      2.0
         F150 2023-05           50      3.0
         F150 2023-07           50      2.5
         F150 2023-11           50      1.0

5) Ranking de produtos por quantidade/mês:
ID PRODUTO     Mês  QTD ITEM  Ranking
      1001 2023-03         1      5.5
      1001 2023-04         1      6.5
      1002 2023-03         1      5.5
      1002 2023-04         1      6.5
      1002 2023-05         1      6.0
      1003 2023-03         1      5.5
      1003 2023-04         4      1.0
      1003 2023-05         1      6.0
      1003 2023-06         4      2.0
      1003 2023-07         2      4.0
      1003 2023-08         4      1.0
      1003 2023-09         2      4.5
      1003 2023-10         5      1.0
      1003 2023-11         4      2.0
      1003 2023-12         2      5.0
      1003 2024-01         4      2.0
      1003 2024-02         4      1.0
      1003 2024-03         2      4.0
      1003 2024-04         4      1.5
      1003 2024-05         5      2.0
      1003 2024-06         4      1.0
      1003 2024-07         2      4.5
      1003 2024-08         4      1.0
      1004 2023-03         2      2.0
      1004 2023-04         2      2.0
      1004 2023-05         3      1.5
      1004 2023-06         2      3.5
      1004 2023-07         3      2.0
      1004 2023-08         3      2.5
      1004 2023-09         4      2.0
      1004 2023-10         2      4.5
      1004 2023-11         3      3.0
      1004 2023-12         4      1.0
      1004 2024-01         3      3.0
      1004 2024-02         2      4.0
      1004 2024-03         3      2.0
      1004 2024-04         4      1.5
      1004 2024-05         1      7.5
      1004 2024-06         3      2.5
      1004 2024-07         4      2.0
      1004 2024-08         1      6.5
      1005 2023-03         1      5.5
      1005 2023-04         1      6.5
      1005 2023-05         1      6.0
      1005 2023-06         1      7.5
      1005 2023-07         2      4.0
      1005 2023-08         1      7.5
      1005 2023-09         2      4.5
      1005 2023-10         2      4.5
      1005 2023-11         1      7.0
      1005 2023-12         2      5.0
      1005 2024-01         1      7.0
      1005 2024-02         1      7.0
      1005 2024-03         2      4.0
      1005 2024-04         1      7.5
      1005 2024-05         2      3.5
      1005 2024-06         1      6.5
      1005 2024-07         2      4.5
      1005 2024-08         1      6.5
      1006 2023-03         1      5.5
      1006 2023-04         1      6.5
      1006 2023-06         1      7.5
      1006 2023-07         1      7.5
      1006 2023-08         1      7.5
      1006 2023-09         1      8.0
      1006 2023-11         1      7.0
      1006 2023-12         1      8.5
      1006 2024-01         1      7.0
      1006 2024-03         1      8.0
      1006 2024-04         1      7.5
      1006 2024-05         1      7.5
      1006 2024-07         1      8.0
      1006 2024-08         1      6.5
      1009 2023-03         3      1.0
      1009 2023-05         3      1.5
      1009 2023-06         6      1.0
      1009 2023-07         6      1.0
      1009 2023-08         3      2.5
      1009 2023-09         6      1.0
      1009 2023-10         3      2.0
      1009 2023-11         6      1.0
      1009 2023-12         3      2.0
      1009 2024-01         6      1.0
      1009 2024-02         3      2.0
      1009 2024-03         6      1.0
      1009 2024-04         3      3.0
      1009 2024-05         6      1.0
      1009 2024-06         3      2.5
      1009 2024-07         6      1.0
      1009 2024-08         3      2.0
      1011 2023-04         1      6.5
      1012 2023-05         1      6.0
      1012 2023-06         1      7.5
      1012 2023-08         1      7.5
      1012 2023-10         1      7.5
      1012 2023-11         1      7.0
      1012 2024-01         1      7.0
      1012 2024-02         1      7.0
      1012 2024-03         1      8.0
      1012 2024-05         1      7.5
      1012 2024-06         1      6.5
      1012 2024-08         1      6.5
      1013 2023-03         1      5.5
      1023 2023-05         1      6.0
      1023 2023-06         2      3.5
      1023 2023-07         1      7.5
      1023 2023-08         1      7.5
      1023 2023-09         2      4.5
      1023 2023-10         2      4.5
      1023 2023-11         1      7.0
      1023 2023-12         2      5.0
      1023 2024-01         1      7.0
      1023 2024-02         2      4.0
      1023 2024-03         1      8.0
      1023 2024-04         2      4.5
      1023 2024-05         1      7.5
      1023 2024-06         1      6.5
      1023 2024-07         2      4.5
      1023 2024-08         1      6.5
      1033 2023-04         1      6.5
      1033 2023-06         1      7.5
      1033 2023-07         1      7.5
      1033 2023-08         1      7.5
      1033 2023-09         1      8.0
      1033 2023-11         1      7.0
      1033 2023-12         1      8.5
      1033 2024-01         1      7.0
      1033 2024-03         1      8.0
      1033 2024-04         1      7.5
      1033 2024-05         1      7.5
      1033 2024-07         1      8.0
      1033 2024-08         1      6.5
      1036 2023-04         1      6.5
      1036 2023-05         1      6.0
      1036 2023-06         1      7.5
      1036 2023-07         2      4.0
      1036 2023-08         1      7.5
      1036 2023-09         2      4.5
      1036 2023-10         2      4.5
      1036 2023-11         1      7.0
      1036 2023-12         2      5.0
      1036 2024-01         1      7.0
      1036 2024-02         1      7.0
      1036 2024-03         2      4.0
      1036 2024-04         1      7.5
      1036 2024-05         2      3.5
      1036 2024-06         1      6.5
      1036 2024-07         2      4.5
      1036 2024-08         1      6.5
      1039 2023-04         1      6.5
      1039 2023-05         1      6.0
      1039 2023-06         1      7.5
      1039 2023-07         1      7.5
      1039 2023-08         2      4.0
      1039 2023-09         1      8.0
      1039 2023-10         1      7.5
      1039 2023-11         1      7.0
      1039 2023-12         2      5.0
      1039 2024-01         1      7.0
      1039 2024-02         2      4.0
      1039 2024-03         1      8.0
      1039 2024-04         2      4.5
      1039 2024-05         1      7.5
      1039 2024-06         2      4.0
      1039 2024-07         1      8.0
      1039 2024-08         1      6.5

6) Ranking de produtos por valor/mês:
ID PRODUTO     Mês  Total Venda  Ranking
      1001 2023-03       4299.9      1.0
      1001 2023-04       4299.9      1.0
      1002 2023-03       3899.0      2.0
      1002 2023-04       3899.0      2.0
      1002 2023-05       3899.0      1.0
      1003 2023-03        899.5      6.0
      1003 2023-04       3598.0      3.0
      1003 2023-05        899.5      5.0
      1003 2023-06       3598.0      1.0
      1003 2023-07       1799.0      3.0
      1003 2023-08       3598.0      2.0
      1003 2023-09       1799.0      3.0
      1003 2023-10       4497.5      1.0
      1003 2023-11       3598.0      2.0
      1003 2023-12       1799.0      3.0
      1003 2024-01       3598.0      2.0
      1003 2024-02       3598.0      1.0
      1003 2024-03       1799.0      3.0
      1003 2024-04       3598.0      2.0
      1003 2024-05       4497.5      1.0
      1003 2024-06       3598.0      2.0
      1003 2024-07       1799.0      3.0
      1003 2024-08       3598.0      1.0
      1004 2023-03       2598.0      3.0
      1004 2023-04       2598.0      4.0
      1004 2023-05       3897.0      2.0
      1004 2023-06       2598.0      2.0
      1004 2023-07       3897.0      1.0
      1004 2023-08       3897.0      1.0
      1004 2023-09       5196.0      1.0
      1004 2023-10       2598.0      2.0
      1004 2023-11       3897.0      1.0
      1004 2023-12       5196.0      1.0
      1004 2024-01       3897.0      1.0
      1004 2024-02       2598.0      2.0
      1004 2024-03       3897.0      1.0
      1004 2024-04       5196.0      1.0
      1004 2024-05       1299.0      4.0
      1004 2024-06       3897.0      1.0
      1004 2024-07       5196.0      1.0
      1004 2024-08       1299.0      2.0
      1005 2023-03        849.9      7.0
      1005 2023-04        849.9      7.0
      1005 2023-05        849.9      7.0
      1005 2023-06        849.9      8.0
      1005 2023-07       1699.8      4.0
      1005 2023-08        849.9      7.0
      1005 2023-09       1699.8      4.0
      1005 2023-10       1699.8      3.0
      1005 2023-11        849.9      7.0
      1005 2023-12       1699.8      4.0
      1005 2024-01        849.9      7.0
      1005 2024-02        849.9      7.0
      1005 2024-03       1699.8      4.0
      1005 2024-04        849.9      7.0
      1005 2024-05       1699.8      3.0
      1005 2024-06        849.9      6.0
      1005 2024-07       1699.8      4.0
      1005 2024-08        849.9      7.0
      1006 2023-03        129.9      8.0
      1006 2023-04        129.9      9.0
      1006 2023-06        129.9      9.0
      1006 2023-07        129.9      8.0
      1006 2023-08        129.9      9.0
      1006 2023-09        129.9      8.0
      1006 2023-11        129.9      9.0
      1006 2023-12        129.9      8.0
      1006 2024-01        129.9      9.0
      1006 2024-03        129.9      9.0
      1006 2024-04        129.9      8.0
      1006 2024-05        129.9      9.0
      1006 2024-07        129.9      8.0
      1006 2024-08        129.9      9.0
      1009 2023-03       1049.7      5.0
      1009 2023-05       1049.7      4.0
      1009 2023-06       2099.4      3.0
      1009 2023-07       2099.4      2.0
      1009 2023-08       1049.7      4.0
      1009 2023-09       2099.4      2.0
      1009 2023-10       1049.7      6.0
      1009 2023-11       2099.4      3.0
      1009 2023-12       1049.7      6.0
      1009 2024-01       2099.4      3.0
      1009 2024-02       1049.7      5.0
      1009 2024-03       2099.4      2.0
      1009 2024-04       1049.7      5.0
      1009 2024-05       2099.4      2.0
      1009 2024-06       1049.7      4.0
      1009 2024-07       2099.4      2.0
      1009 2024-08       1049.7      4.0
      1011 2023-04        399.9      8.0
      1012 2023-05        899.0      6.0
      1012 2023-06        899.0      7.0
      1012 2023-08        899.0      6.0
      1012 2023-10        899.0      7.0
      1012 2023-11        899.0      6.0
      1012 2024-01        899.0      6.0
      1012 2024-02        899.0      6.0
      1012 2024-03        899.0      7.0
      1012 2024-05        899.0      7.0
      1012 2024-06        899.0      5.0
      1012 2024-08        899.0      6.0
      1013 2023-03       1899.0      4.0
      1023 2023-05        639.9      8.0
      1023 2023-06       1279.8      4.0
      1023 2023-07        639.9      7.0
      1023 2023-08        639.9      8.0
      1023 2023-09       1279.8      5.0
      1023 2023-10       1279.8      4.0
      1023 2023-11        639.9      8.0
      1023 2023-12       1279.8      5.0
      1023 2024-01        639.9      8.0
      1023 2024-02       1279.8      4.0
      1023 2024-03        639.9      8.0
      1023 2024-04       1279.8      4.0
      1023 2024-05        639.9      8.0
      1023 2024-06        639.9      7.0
      1023 2024-07       1279.8      5.0
      1023 2024-08        639.9      8.0
      1033 2023-04        999.9      6.0
      1033 2023-06        999.9      6.0
      1033 2023-07        999.9      6.0
      1033 2023-08        999.9      5.0
      1033 2023-09        999.9      7.0
      1033 2023-11        999.9      5.0
      1033 2023-12        999.9      7.0
      1033 2024-01        999.9      5.0
      1033 2024-03        999.9      6.0
      1033 2024-04        999.9      6.0
      1033 2024-05        999.9      6.0
      1033 2024-07        999.9      7.0
      1033 2024-08        999.9      5.0
      1036 2023-04         19.9     10.0
      1036 2023-05         19.9      9.0
      1036 2023-06         19.9     10.0
      1036 2023-07         39.8      9.0
      1036 2023-08         19.9     10.0
      1036 2023-09         39.8      9.0
      1036 2023-10         39.8      8.0
      1036 2023-11         19.9     10.0
      1036 2023-12         39.8      9.0
      1036 2024-01         19.9     10.0
      1036 2024-02         19.9      8.0
      1036 2024-03         39.8     10.0
      1036 2024-04         19.9      9.0
      1036 2024-05         39.8     10.0
      1036 2024-06         19.9      8.0
      1036 2024-07         39.8      9.0
      1036 2024-08         19.9     10.0
      1039 2023-04       1199.9      5.0
      1039 2023-05       1199.9      3.0
      1039 2023-06       1199.9      5.0
      1039 2023-07       1199.9      5.0
      1039 2023-08       2399.8      3.0
      1039 2023-09       1199.9      6.0
      1039 2023-10       1199.9      5.0
      1039 2023-11       1199.9      4.0
      1039 2023-12       2399.8      2.0
      1039 2024-01       1199.9      4.0
      1039 2024-02       2399.8      3.0
      1039 2024-03       1199.9      5.0
      1039 2024-04       2399.8      3.0
      1039 2024-05       1199.9      5.0
      1039 2024-06       2399.8      3.0
      1039 2024-07       1199.9      6.0
      1039 2024-08       1199.9      3.0

7) Média valor por categoria/mês:
  CATEGORIA     Mês  VALOR ITEM
Eletrônicos 2023-03 1905.720000
Eletrônicos 2023-04 1796.416667
Eletrônicos 2023-05 1574.675000
Eletrônicos 2023-06  575.900000
Eletrônicos 2023-07  621.566667
Eletrônicos 2023-08  745.900000
Eletrônicos 2023-09  621.566667
Eletrônicos 2023-10  812.400000
Eletrônicos 2023-11  575.900000
Eletrônicos 2023-12  763.233333
Eletrônicos 2024-01  575.900000
Eletrônicos 2024-02  899.900000
Eletrônicos 2024-03  621.566667
Eletrônicos 2024-04  745.900000
Eletrônicos 2024-05  621.566667
Eletrônicos 2024-06  899.900000
Eletrônicos 2024-07  621.566667
Eletrônicos 2024-08  632.400000
Ferramentas 2023-05  639.900000
Ferramentas 2023-06  639.900000
Ferramentas 2023-07  639.900000
Ferramentas 2023-08  639.900000
Ferramentas 2023-09  639.900000
Ferramentas 2023-10  639.900000
Ferramentas 2023-11  639.900000
Ferramentas 2023-12  639.900000
Ferramentas 2024-01  639.900000
Ferramentas 2024-02  639.900000
Ferramentas 2024-03  639.900000
Ferramentas 2024-04  639.900000
Ferramentas 2024-05  639.900000
Ferramentas 2024-06  639.900000
Ferramentas 2024-07  639.900000
Ferramentas 2024-08  639.900000
     Livros 2023-04  999.900000
     Livros 2023-06  999.900000
     Livros 2023-07  999.900000
     Livros 2023-08  999.900000
     Livros 2023-09  999.900000
     Livros 2023-11  999.900000
     Livros 2023-12  999.900000
     Livros 2024-01  999.900000
     Livros 2024-03  999.900000
     Livros 2024-04  999.900000
     Livros 2024-05  999.900000
     Livros 2024-07  999.900000
     Livros 2024-08  999.900000
     Móveis 2023-03 1365.833333
     Móveis 2023-04 1032.666667
     Móveis 2023-05 1099.125000
     Móveis 2023-06 1059.200000
     Móveis 2023-07 1099.250000
     Móveis 2023-08 1059.200000
     Móveis 2023-09 1139.200000
     Móveis 2023-10 1032.583333
     Móveis 2023-11 1059.200000
     Móveis 2023-12 1139.200000
     Móveis 2024-01 1059.200000
     Móveis 2024-02 1059.200000
     Móveis 2024-03 1059.200000
     Móveis 2024-04 1139.200000
     Móveis 2024-05  979.300000
     Móveis 2024-06 1059.200000
     Móveis 2024-07 1139.200000
     Móveis 2024-08  999.250000
  Papelaria 2023-04   19.900000
  Papelaria 2023-05   19.900000
  Papelaria 2023-06   19.900000
  Papelaria 2023-07   19.900000
  Papelaria 2023-08   19.900000
  Papelaria 2023-09   19.900000
  Papelaria 2023-10   19.900000
  Papelaria 2023-11   19.900000
  Papelaria 2023-12   19.900000
  Papelaria 2024-01   19.900000
  Papelaria 2024-02   19.900000
  Papelaria 2024-03   19.900000
  Papelaria 2024-04   19.900000
  Papelaria 2024-05   19.900000
  Papelaria 2024-06   19.900000
  Papelaria 2024-07   19.900000
  Papelaria 2024-08   19.900000

8) Ranking de margem por categoria:
  CATEGORIA   Margem  Ranking
Eletrônicos 19280.62      2.0
Ferramentas  6807.54      4.0
     Livros 11959.74      3.0
     Móveis 28162.00      1.0
  Papelaria    95.52      5.0

9) Produtos comprados por cliente:
 ID CLIENTE                                       ID PRODUTO
       1023                                           [1023]
       2001                   [1003, 1005, 1036, 1004, 1023]
       2002                               [1004, 1023, 1003]
       2003                         [1002, 1013, 1004, 1012]
       2004                   [1009, 1004, 1003, 1005, 1036]
       2005             [1005, 1003, 1036, 1004, 1023, 1009]
       2006             [1004, 1023, 1012, 1003, 1005, 1036]
       2007       [1009, 1003, 1005, 1036, 1012, 1004, 1023]
       2008                   [1004, 1023, 1003, 1005, 1036]
       2009                   [1012, 1003, 1005, 1036, 1004]
       2010                   [1039, 1009, 1003, 1005, 1036]
       2011                               [1004, 1003, 1009]
       2012                                     [1004, 1023]
       2013                               [1003, 1006, 1033]
       2014                                     [1009, 1039]
       2015                               [1001, 1009, 1004]
       2016                                     [1009, 1003]
       2017                   [1003, 1039, 1009, 1005, 1036]
       2018                         [1009, 1004, 1023, 1039]
       2019                               [1004, 1039, 1009]
       2020       [1011, 1004, 1023, 1003, 1005, 1036, 1009]
       2021 [1003, 1005, 1036, 1006, 1033, 1039, 1004, 1023]
       2022                         [1001, 1004, 1023, 1039]
       2023                         [1009, 1003, 1005, 1036]
       2024       [1006, 1033, 1003, 1005, 1036, 1039, 1012]
       2025                   [1002, 1003, 1005, 1036, 1039]
       2026                   [1003, 1005, 1036, 1004, 1009]
       2027 [1002, 1009, 1003, 1005, 1036, 1004, 1023, 1039]
       2028                   [1006, 1003, 1009, 1004, 1023]
       2029       [1012, 1006, 1033, 1003, 1039, 1005, 1036]
       2030 [1005, 1006, 1033, 1009, 1004, 1023, 1003, 1036]
       2031             [1004, 1003, 1005, 1036, 1023, 1009]
       2032                               [1012, 1006, 1033]
       2033             [1039, 1004, 1023, 1009, 1006, 1033]
       2034                         [1006, 1033, 1012, 1039]
       2035                   [1004, 1023, 1039, 1006, 1033]
       2036             [1006, 1033, 1004, 1023, 1012, 1039]
       2037       [1003, 1005, 1036, 1006, 1033, 1004, 1023]
       2038                                           [1039]
       2039                                     [1039, 1012]

8) Ranking produtos por estoque:
ID PRODUTO  QTD ESTOQUE  Ranking
      1001           50     21.5
      1002           40     40.0
      1003           50     21.5
      1004           50     21.5
      1005           50     21.5
      1006          100      2.0
      1007          100      2.0
      1008           50     21.5
      1009           50     21.5
      1010           50     21.5
      1011           50     21.5
      1012           50     21.5
      1013           50     21.5
      1014          100      2.0
      1015           50     21.5
      1016           50     21.5
      1017           50     21.5
      1018           50     21.5
      1019           50     21.5
      1020           50     21.5
      1021           50     21.5
      1022           50     21.5
      1023           50     21.5
      1024           50     21.5
      1025           50     21.5
      1026           50     21.5
      1027           50     21.5
      1028           50     21.5
      1029           50     21.5
      1030           50     21.5
      1031           50     21.5
      1032           50     21.5
      1033           50     21.5
      1034           50     21.5
      1035           50     21.5
      1036           50     21.5
      1037           50     21.5
      1038           50     21.5
      1039           50     21.5
      1040           50     21.5


Relatório gerado em: 16/05/2025 20:19